tm,DVm,PVm
0.000000000000000000e+00,0.000000000000000000e+00,0.000000000000000000e+00
1.000000000000000000e+00,1.000000000000000000e+00,0.000000000000000000e+00
2.000000000000000000e+00,1.000000000000000000e+00,0.000000000000000000e+00
3.000000000000000000e+00,1.000000000000000000e+00,0.000000000000000000e+00
4.000000000000000000e+00,1.000000000000000000e+00,0.000000000000000000e+00
5.000000000000000000e+00,1.000000000000000000e+00,0.000000000000000000e+00
6.000000000000000000e+00,1.000000000000000000e+00,0.000000000000000000e+00
7.000000000000000000e+00,1.000000000000000000e+00,0.000000000000000000e+00
8.000000000000000000e+00,1.000000000000000000e+00,0.000000000000000000e+00
9.000000000000000000e+00,1.000000000000000000e+00,1.500000000000056843e-03
1.000000000000000000e+01,1.000000000000000000e+00,4.749999999999943504e-03
1.100000000000000000e+01,1.000000000000000000e+00,3.999999999999915082e-03
1.200000000000000000e+01,1.000000000000000000e+00,8.000000000000007105e-03
1.300000000000000000e+01,1.000000000000000000e+00,8.000000000000007105e-03
1.400000000000000000e+01,1.000000000000000000e+00,8.000000000000007105e-03
1.500000000000000000e+01,1.000000000000000000e+00,8.000000000000007105e-03
1.600000000000000000e+01,1.000000000000000000e+00,8.000000000000007105e-03
1.700000000000000000e+01,1.000000000000000000e+00,8.000000000000007105e-03
1.800000000000000000e+01,1.000000000000000000e+00,8.000000000000007105e-03
1.900000000000000000e+01,1.000000000000000000e+00,8.000000000000007105e-03
2.000000000000000000e+01,1.000000000000000000e+00,8.000000000000007105e-03
2.100000000000000000e+01,1.000000000000000000e+00,8.000000000000007105e-03
2.200000000000000000e+01,1.000000000000000000e+00,8.000000000000007105e-03
2.300000000000000000e+01,1.000000000000000000e+00,8.000000000000007105e-03
2.400000000000000000e+01,1.000000000000000000e+00,1.050000000000004229e-02
2.500000000000000000e+01,1.000000000000000000e+00,1.274999999999995061e-02
2.600000000000000000e+01,1.000000000000000000e+00,1.600000000000001421e-02
2.700000000000000000e+01,1.000000000000000000e+00,1.600000000000001421e-02
2.800000000000000000e+01,1.000000000000000000e+00,1.600000000000001421e-02
2.900000000000000000e+01,1.000000000000000000e+00,1.600000000000001421e-02
3.000000000000000000e+01,1.000000000000000000e+00,1.600000000000001421e-02
3.100000000000000000e+01,1.000000000000000000e+00,1.600000000000001421e-02
3.200000000000000000e+01,1.000000000000000000e+00,1.600000000000001421e-02
3.300000000000000000e+01,1.000000000000000000e+00,1.600000000000001421e-02
3.400000000000000000e+01,1.000000000000000000e+00,1.775000000000002270e-02
3.500000000000000000e+01,1.000000000000000000e+00,2.249999999999996447e-02
3.600000000000000000e+01,1.000000000000000000e+00,2.400000000000002132e-02
3.700000000000000000e+01,1.000000000000000000e+00,2.074999999999995598e-02
3.800000000000000000e+01,1.000000000000000000e+00,2.400000000000002132e-02
3.900000000000000000e+01,1.000000000000000000e+00,2.400000000000002132e-02
4.000000000000000000e+01,1.000000000000000000e+00,2.400000000000002132e-02
4.100000000000000000e+01,1.000000000000000000e+00,2.575000000000002981e-02
4.200000000000000000e+01,1.000000000000000000e+00,3.049999999999997158e-02
4.300000000000000000e+01,1.000000000000000000e+00,3.224999999999998007e-02
4.400000000000000000e+01,1.000000000000000000e+00,3.224999999999998007e-02
4.500000000000000000e+01,1.000000000000000000e+00,3.224999999999998007e-02
4.600000000000000000e+01,1.000000000000000000e+00,3.224999999999998007e-02
4.700000000000000000e+01,1.000000000000000000e+00,3.224999999999998007e-02
4.800000000000000000e+01,1.000000000000000000e+00,3.224999999999998007e-02
4.900000000000000000e+01,1.000000000000000000e+00,3.224999999999998007e-02
5.000000000000000000e+01,1.000000000000000000e+00,3.375000000000003691e-02
5.100000000000000000e+01,1.000000000000000000e+00,3.849999999999997868e-02
5.200000000000000000e+01,1.000000000000000000e+00,4.024999999999998718e-02
5.300000000000000000e+01,1.000000000000000000e+00,4.024999999999998718e-02
5.400000000000000000e+01,1.000000000000000000e+00,4.024999999999998718e-02
5.500000000000000000e+01,1.000000000000000000e+00,4.024999999999998718e-02
5.600000000000000000e+01,1.000000000000000000e+00,4.024999999999998718e-02
5.700000000000000000e+01,1.000000000000000000e+00,4.024999999999998718e-02
5.800000000000000000e+01,1.000000000000000000e+00,4.100000000000001560e-02
5.900000000000000000e+01,1.000000000000000000e+00,4.424999999999990052e-02
6.000000000000000000e+01,1.000000000000000000e+00,4.824999999999999428e-02
6.100000000000000000e+01,1.000000000000000000e+00,4.824999999999999428e-02
6.200000000000000000e+01,1.000000000000000000e+00,4.824999999999999428e-02
6.300000000000000000e+01,1.000000000000000000e+00,4.824999999999999428e-02
6.400000000000000000e+01,1.000000000000000000e+00,4.975000000000005113e-02
6.500000000000000000e+01,1.000000000000000000e+00,5.625000000000000139e-02
6.600000000000000000e+01,1.000000000000000000e+00,5.625000000000000139e-02
6.700000000000000000e+01,1.000000000000000000e+00,5.625000000000000139e-02
6.800000000000000000e+01,1.000000000000000000e+00,5.625000000000000139e-02
6.900000000000000000e+01,1.000000000000000000e+00,6.274999999999994471e-02
7.000000000000000000e+01,1.000000000000000000e+00,6.425000000000000155e-02
7.100000000000000000e+01,1.000000000000000000e+00,6.425000000000000155e-02
7.200000000000000000e+01,1.000000000000000000e+00,6.425000000000000155e-02
7.300000000000000000e+01,1.000000000000000000e+00,6.425000000000000155e-02
7.400000000000000000e+01,1.000000000000000000e+00,6.425000000000000155e-02
7.500000000000000000e+01,1.000000000000000000e+00,6.349999999999997313e-02
7.600000000000000000e+01,1.000000000000000000e+00,6.425000000000000155e-02
7.700000000000000000e+01,1.000000000000000000e+00,6.425000000000000155e-02
7.800000000000000000e+01,1.000000000000000000e+00,6.524999999999998856e-02
7.900000000000000000e+01,1.000000000000000000e+00,6.524999999999998856e-02
8.000000000000000000e+01,1.000000000000000000e+00,6.850000000000004696e-02
8.100000000000000000e+01,1.000000000000000000e+00,7.149999999999998024e-02
8.200000000000000000e+01,1.000000000000000000e+00,7.249999999999996725e-02
8.300000000000000000e+01,1.000000000000000000e+00,7.249999999999996725e-02
8.400000000000000000e+01,1.000000000000000000e+00,7.249999999999996725e-02
8.500000000000000000e+01,1.000000000000000000e+00,7.249999999999996725e-02
8.600000000000000000e+01,1.000000000000000000e+00,7.324999999999999567e-02
8.700000000000000000e+01,1.000000000000000000e+00,7.475000000000005251e-02
8.800000000000000000e+01,1.000000000000000000e+00,7.575000000000002565e-02
8.900000000000000000e+01,1.000000000000000000e+00,7.974999999999994593e-02
9.000000000000000000e+01,1.000000000000000000e+00,8.049999999999997435e-02
9.100000000000000000e+01,1.000000000000000000e+00,8.049999999999997435e-02
9.200000000000000000e+01,1.000000000000000000e+00,8.049999999999997435e-02
9.300000000000000000e+01,1.000000000000000000e+00,8.049999999999997435e-02
9.400000000000000000e+01,1.000000000000000000e+00,8.049999999999997435e-02
9.500000000000000000e+01,1.000000000000000000e+00,8.049999999999997435e-02
9.600000000000000000e+01,1.000000000000000000e+00,8.049999999999997435e-02
9.700000000000000000e+01,1.000000000000000000e+00,8.599999999999993761e-02
9.800000000000000000e+01,1.000000000000000000e+00,8.849999999999998146e-02
9.900000000000000000e+01,1.000000000000000000e+00,8.849999999999998146e-02
1.000000000000000000e+02,1.000000000000000000e+00,8.849999999999998146e-02
1.010000000000000000e+02,1.000000000000000000e+00,8.925000000000000988e-02
1.020000000000000000e+02,1.000000000000000000e+00,9.250000000000006828e-02
1.030000000000000000e+02,1.000000000000000000e+00,9.649999999999998856e-02
1.040000000000000000e+02,1.000000000000000000e+00,9.649999999999998856e-02
1.050000000000000000e+02,1.000000000000000000e+00,9.649999999999998856e-02
1.060000000000000000e+02,1.000000000000000000e+00,9.749999999999996170e-02
1.070000000000000000e+02,1.000000000000000000e+00,1.037499999999999672e-01
1.080000000000000000e+02,1.000000000000000000e+00,1.047499999999999404e-01
1.090000000000000000e+02,1.000000000000000000e+00,1.047499999999999404e-01
1.100000000000000000e+02,1.000000000000000000e+00,1.047499999999999404e-01
1.110000000000000000e+02,1.000000000000000000e+00,1.047499999999999404e-01
1.120000000000000000e+02,1.000000000000000000e+00,1.095000000000000695e-01
1.130000000000000000e+02,1.000000000000000000e+00,1.127499999999999475e-01
1.140000000000000000e+02,1.000000000000000000e+00,1.127499999999999475e-01
1.150000000000000000e+02,1.000000000000000000e+00,1.127499999999999475e-01
1.160000000000000000e+02,1.000000000000000000e+00,1.095000000000000695e-01
1.170000000000000000e+02,1.000000000000000000e+00,1.207499999999999546e-01
1.180000000000000000e+02,1.000000000000000000e+00,1.207499999999999546e-01
1.190000000000000000e+02,1.000000000000000000e+00,1.207499999999999546e-01
1.200000000000000000e+02,1.000000000000000000e+00,1.199999999999999262e-01
1.210000000000000000e+02,1.000000000000000000e+00,1.224999999999999700e-01
1.220000000000000000e+02,1.000000000000000000e+00,1.287499999999999756e-01
1.230000000000000000e+02,1.000000000000000000e+00,1.279999999999999472e-01
1.240000000000000000e+02,1.000000000000000000e+00,1.312500000000000056e-01
1.250000000000000000e+02,1.000000000000000000e+00,1.369999999999999274e-01
1.260000000000000000e+02,1.000000000000000000e+00,1.369999999999999274e-01
1.270000000000000000e+02,1.000000000000000000e+00,1.345000000000000639e-01
1.280000000000000000e+02,1.000000000000000000e+00,1.352499999999999258e-01
1.290000000000000000e+02,1.000000000000000000e+00,1.449999999999999345e-01
1.300000000000000000e+02,1.000000000000000000e+00,1.449999999999999345e-01
1.310000000000000000e+02,1.000000000000000000e+00,1.449999999999999345e-01
1.320000000000000000e+02,1.000000000000000000e+00,1.482499999999999929e-01
1.330000000000000000e+02,1.000000000000000000e+00,1.529999999999999416e-01
1.340000000000000000e+02,1.000000000000000000e+00,1.392500000000000127e-01
1.350000000000000000e+02,1.000000000000000000e+00,1.529999999999999416e-01
1.360000000000000000e+02,1.000000000000000000e+00,1.537499999999999700e-01
1.370000000000000000e+02,1.000000000000000000e+00,1.544999999999999984e-01
1.380000000000000000e+02,1.000000000000000000e+00,1.537499999999999700e-01
1.390000000000000000e+02,1.000000000000000000e+00,1.562500000000000000e-01
1.400000000000000000e+02,1.000000000000000000e+00,1.587500000000000300e-01
1.410000000000000000e+02,1.000000000000000000e+00,1.609999999999999487e-01
1.420000000000000000e+02,1.000000000000000000e+00,1.609999999999999487e-01
1.430000000000000000e+02,1.000000000000000000e+00,1.642499999999998406e-01
1.440000000000000000e+02,1.000000000000000000e+00,1.682500000000000939e-01
1.450000000000000000e+02,1.000000000000000000e+00,1.690000000000001223e-01
1.460000000000000000e+02,1.000000000000000000e+00,1.690000000000001223e-01
1.470000000000000000e+02,1.000000000000000000e+00,1.690000000000001223e-01
1.480000000000000000e+02,1.000000000000000000e+00,1.690000000000001223e-01
1.490000000000000000e+02,1.000000000000000000e+00,1.690000000000001223e-01
1.500000000000000000e+02,1.000000000000000000e+00,1.690000000000001223e-01
1.510000000000000000e+02,1.000000000000000000e+00,1.699999999999999289e-01
1.520000000000000000e+02,1.000000000000000000e+00,1.754999999999999061e-01
1.530000000000000000e+02,1.000000000000000000e+00,1.714999999999999858e-01
1.540000000000000000e+02,1.000000000000000000e+00,1.772500000000000742e-01
1.550000000000000000e+02,1.000000000000000000e+00,1.772500000000000742e-01
1.560000000000000000e+02,1.000000000000000000e+00,1.754999999999999061e-01
1.570000000000000000e+02,1.000000000000000000e+00,1.772500000000000742e-01
1.580000000000000000e+02,1.000000000000000000e+00,1.787500000000001310e-01
1.590000000000000000e+02,1.000000000000000000e+00,1.762499999999999345e-01
1.600000000000000000e+02,1.000000000000000000e+00,1.835000000000000797e-01
1.610000000000000000e+02,1.000000000000000000e+00,1.852499999999999147e-01
1.620000000000000000e+02,1.000000000000000000e+00,1.852499999999999147e-01
1.630000000000000000e+02,1.000000000000000000e+00,1.852499999999999147e-01
1.640000000000000000e+02,1.000000000000000000e+00,1.899999999999998634e-01
1.650000000000000000e+02,1.000000000000000000e+00,1.925000000000000600e-01
1.660000000000000000e+02,1.000000000000000000e+00,1.932500000000000884e-01
1.670000000000000000e+02,1.000000000000000000e+00,1.932500000000000884e-01
1.680000000000000000e+02,1.000000000000000000e+00,1.940000000000001168e-01
1.690000000000000000e+02,1.000000000000000000e+00,1.997499999999998721e-01
1.700000000000000000e+02,1.000000000000000000e+00,2.004999999999999005e-01
1.710000000000000000e+02,1.000000000000000000e+00,1.957499999999999518e-01
1.720000000000000000e+02,1.000000000000000000e+00,2.012499999999999289e-01
1.730000000000000000e+02,1.000000000000000000e+00,2.012499999999999289e-01
1.740000000000000000e+02,1.000000000000000000e+00,2.012499999999999289e-01
1.750000000000000000e+02,1.000000000000000000e+00,2.022500000000000964e-01
1.760000000000000000e+02,1.000000000000000000e+00,2.037500000000001532e-01
1.770000000000000000e+02,1.000000000000000000e+00,2.012499999999999289e-01
1.780000000000000000e+02,1.000000000000000000e+00,2.094999999999998808e-01
1.790000000000000000e+02,1.000000000000000000e+00,2.094999999999998808e-01
1.800000000000000000e+02,1.000000000000000000e+00,2.094999999999998808e-01
1.810000000000000000e+02,1.000000000000000000e+00,2.157499999999998863e-01
1.820000000000000000e+02,1.000000000000000000e+00,2.175000000000000822e-01
1.830000000000000000e+02,1.000000000000000000e+00,2.175000000000000822e-01
1.840000000000000000e+02,1.000000000000000000e+00,2.182500000000001106e-01
1.850000000000000000e+02,1.000000000000000000e+00,2.247499999999998666e-01
1.860000000000000000e+02,1.000000000000000000e+00,2.254999999999998950e-01
1.870000000000000000e+02,1.000000000000000000e+00,2.254999999999998950e-01
1.880000000000000000e+02,1.000000000000000000e+00,2.254999999999998950e-01
1.890000000000000000e+02,1.000000000000000000e+00,2.254999999999998950e-01
1.900000000000000000e+02,1.000000000000000000e+00,2.230000000000000315e-01
1.910000000000000000e+02,1.000000000000000000e+00,2.287500000000001477e-01
1.920000000000000000e+02,1.000000000000000000e+00,2.302499999999998437e-01
1.930000000000000000e+02,1.000000000000000000e+00,2.335000000000000964e-01
1.940000000000000000e+02,1.000000000000000000e+00,2.335000000000000964e-01
1.950000000000000000e+02,1.000000000000000000e+00,2.335000000000000964e-01
1.960000000000000000e+02,1.000000000000000000e+00,2.342500000000001248e-01
1.970000000000000000e+02,1.000000000000000000e+00,2.359999999999999321e-01
1.980000000000000000e+02,1.000000000000000000e+00,2.392499999999998239e-01
1.990000000000000000e+02,1.000000000000000000e+00,2.414999999999999092e-01
2.000000000000000000e+02,1.000000000000000000e+00,2.414999999999999092e-01
2.010000000000000000e+02,1.000000000000000000e+00,2.414999999999999092e-01
2.020000000000000000e+02,1.000000000000000000e+00,2.414999999999999092e-01
2.030000000000000000e+02,1.000000000000000000e+00,2.414999999999999092e-01
2.040000000000000000e+02,1.000000000000000000e+00,2.414999999999999092e-01
2.050000000000000000e+02,1.000000000000000000e+00,2.440000000000001334e-01
2.060000000000000000e+02,1.000000000000000000e+00,2.407499999999998808e-01
2.070000000000000000e+02,1.000000000000000000e+00,2.472500000000000253e-01
2.080000000000000000e+02,1.000000000000000000e+00,2.497499999999998610e-01
2.090000000000000000e+02,1.000000000000000000e+00,2.497499999999998610e-01
2.100000000000000000e+02,1.000000000000000000e+00,2.497499999999998610e-01
2.110000000000000000e+02,1.000000000000000000e+00,2.512499999999999178e-01
2.120000000000000000e+02,1.000000000000000000e+00,2.519999999999999463e-01
2.130000000000000000e+02,1.000000000000000000e+00,2.504999999999998894e-01
2.140000000000000000e+02,1.000000000000000000e+00,2.530000000000001137e-01
2.150000000000000000e+02,1.000000000000000000e+00,2.559999999999998943e-01
2.160000000000000000e+02,1.000000000000000000e+00,2.559999999999998943e-01
2.170000000000000000e+02,1.000000000000000000e+00,2.577500000000000346e-01
2.180000000000000000e+02,1.000000000000000000e+00,2.577500000000000346e-01
2.190000000000000000e+02,1.000000000000000000e+00,2.632500000000000395e-01
2.200000000000000000e+02,1.000000000000000000e+00,2.649999999999998468e-01
2.210000000000000000e+02,1.000000000000000000e+00,2.609999999999999543e-01
2.220000000000000000e+02,1.000000000000000000e+00,2.657499999999998752e-01
2.230000000000000000e+02,1.000000000000000000e+00,2.657499999999998752e-01
2.240000000000000000e+02,1.000000000000000000e+00,2.657499999999998752e-01
2.250000000000000000e+02,1.000000000000000000e+00,2.657499999999998752e-01
2.260000000000000000e+02,1.000000000000000000e+00,2.657499999999998752e-01
2.270000000000000000e+02,1.000000000000000000e+00,2.737500000000000488e-01
2.280000000000000000e+02,1.000000000000000000e+00,2.730000000000000204e-01
2.290000000000000000e+02,1.000000000000000000e+00,2.737500000000000488e-01
2.300000000000000000e+02,1.000000000000000000e+00,2.737500000000000488e-01
2.310000000000000000e+02,1.000000000000000000e+00,2.737500000000000488e-01
2.320000000000000000e+02,1.000000000000000000e+00,2.794999999999998042e-01
2.330000000000000000e+02,1.000000000000000000e+00,2.809999999999998610e-01
2.340000000000000000e+02,1.000000000000000000e+00,2.820000000000000284e-01
2.350000000000000000e+02,1.000000000000000000e+00,2.820000000000000284e-01
2.360000000000000000e+02,1.000000000000000000e+00,2.820000000000000284e-01
2.370000000000000000e+02,1.000000000000000000e+00,2.820000000000000284e-01
2.380000000000000000e+02,1.000000000000000000e+00,2.820000000000000284e-01
2.390000000000000000e+02,1.000000000000000000e+00,2.820000000000000284e-01
2.400000000000000000e+02,1.000000000000000000e+00,2.820000000000000284e-01
2.410000000000000000e+02,1.000000000000000000e+00,2.820000000000000284e-01
2.420000000000000000e+02,1.000000000000000000e+00,2.892499999999998406e-01
2.430000000000000000e+02,1.000000000000000000e+00,2.899999999999998690e-01
2.440000000000000000e+02,1.000000000000000000e+00,2.899999999999998690e-01
2.450000000000000000e+02,1.000000000000000000e+00,2.899999999999998690e-01
2.460000000000000000e+02,1.000000000000000000e+00,2.922499999999999543e-01
2.470000000000000000e+02,1.000000000000000000e+00,2.907499999999998974e-01
2.480000000000000000e+02,1.000000000000000000e+00,2.907499999999998974e-01
2.490000000000000000e+02,1.000000000000000000e+00,2.907499999999998974e-01
2.500000000000000000e+02,1.000000000000000000e+00,2.907499999999998974e-01
2.510000000000000000e+02,1.000000000000000000e+00,2.899999999999998690e-01
2.520000000000000000e+02,1.000000000000000000e+00,2.899999999999998690e-01
2.530000000000000000e+02,1.000000000000000000e+00,2.899999999999998690e-01
2.540000000000000000e+02,1.000000000000000000e+00,2.972500000000000142e-01
2.550000000000000000e+02,1.000000000000000000e+00,2.980000000000000426e-01
2.560000000000000000e+02,1.000000000000000000e+00,2.914999999999999258e-01
2.570000000000000000e+02,1.000000000000000000e+00,2.980000000000000426e-01
2.580000000000000000e+02,1.000000000000000000e+00,2.980000000000000426e-01
2.590000000000000000e+02,1.000000000000000000e+00,2.972500000000000142e-01
2.600000000000000000e+02,1.000000000000000000e+00,2.980000000000000426e-01
2.610000000000000000e+02,1.000000000000000000e+00,2.980000000000000426e-01
2.620000000000000000e+02,1.000000000000000000e+00,2.980000000000000426e-01
2.630000000000000000e+02,1.000000000000000000e+00,2.980000000000000426e-01
2.640000000000000000e+02,1.000000000000000000e+00,2.980000000000000426e-01
2.650000000000000000e+02,1.000000000000000000e+00,2.980000000000000426e-01
2.660000000000000000e+02,1.000000000000000000e+00,3.037500000000001310e-01
2.670000000000000000e+02,1.000000000000000000e+00,3.059999999999998832e-01
2.680000000000000000e+02,1.000000000000000000e+00,3.059999999999998832e-01
2.690000000000000000e+02,1.000000000000000000e+00,3.059999999999998832e-01
2.700000000000000000e+02,1.000000000000000000e+00,3.059999999999998832e-01
2.710000000000000000e+02,1.000000000000000000e+00,3.059999999999998832e-01
2.720000000000000000e+02,1.000000000000000000e+00,3.059999999999998832e-01
2.730000000000000000e+02,1.000000000000000000e+00,3.059999999999998832e-01
2.740000000000000000e+02,1.000000000000000000e+00,3.059999999999998832e-01
2.750000000000000000e+02,1.000000000000000000e+00,3.059999999999998832e-01
2.760000000000000000e+02,1.000000000000000000e+00,3.070000000000000506e-01
2.770000000000000000e+02,1.000000000000000000e+00,3.142499999999998073e-01
2.780000000000000000e+02,1.000000000000000000e+00,3.100000000000001643e-01
2.790000000000000000e+02,1.000000000000000000e+00,3.142499999999998073e-01
2.800000000000000000e+02,1.000000000000000000e+00,3.117499999999999716e-01
2.810000000000000000e+02,1.000000000000000000e+00,3.085000000000001075e-01
2.820000000000000000e+02,1.000000000000000000e+00,3.142499999999998073e-01
2.830000000000000000e+02,1.000000000000000000e+00,3.142499999999998073e-01
2.840000000000000000e+02,1.000000000000000000e+00,3.142499999999998073e-01
2.850000000000000000e+02,1.000000000000000000e+00,3.142499999999998073e-01
2.860000000000000000e+02,1.000000000000000000e+00,3.142499999999998073e-01
2.870000000000000000e+02,1.000000000000000000e+00,3.142499999999998073e-01
2.880000000000000000e+02,1.000000000000000000e+00,3.157499999999998641e-01
2.890000000000000000e+02,1.000000000000000000e+00,3.142499999999998073e-01
2.900000000000000000e+02,1.000000000000000000e+00,3.164999999999998925e-01
2.910000000000000000e+02,1.000000000000000000e+00,3.190000000000001168e-01
2.920000000000000000e+02,1.000000000000000000e+00,3.222500000000000364e-01
2.930000000000000000e+02,1.000000000000000000e+00,3.222500000000000364e-01
2.940000000000000000e+02,1.000000000000000000e+00,3.222500000000000364e-01
2.950000000000000000e+02,1.000000000000000000e+00,3.222500000000000364e-01
2.960000000000000000e+02,1.000000000000000000e+00,3.222500000000000364e-01
2.970000000000000000e+02,1.000000000000000000e+00,3.172499999999999210e-01
2.980000000000000000e+02,1.000000000000000000e+00,3.277499999999999858e-01
2.990000000000000000e+02,1.000000000000000000e+00,3.287500000000001532e-01
3.000000000000000000e+02,1.000000000000000000e+00,3.302499999999998215e-01
3.010000000000000000e+02,1.000000000000000000e+00,3.302499999999998215e-01
3.020000000000000000e+02,1.000000000000000000e+00,3.302499999999998215e-01
3.030000000000000000e+02,1.000000000000000000e+00,3.302499999999998215e-01
3.040000000000000000e+02,1.000000000000000000e+00,3.302499999999998215e-01
3.050000000000000000e+02,1.000000000000000000e+00,3.309999999999998499e-01
3.060000000000000000e+02,1.000000000000000000e+00,3.317499999999998783e-01
3.070000000000000000e+02,1.000000000000000000e+00,3.317499999999998783e-01
3.080000000000000000e+02,1.000000000000000000e+00,3.359999999999999654e-01
3.090000000000000000e+02,1.000000000000000000e+00,3.367499999999999938e-01
3.100000000000000000e+02,1.000000000000000000e+00,3.375000000000000222e-01
3.110000000000000000e+02,1.000000000000000000e+00,3.382500000000000506e-01
3.120000000000000000e+02,1.000000000000000000e+00,3.382500000000000506e-01
3.130000000000000000e+02,1.000000000000000000e+00,3.382500000000000506e-01
3.140000000000000000e+02,1.000000000000000000e+00,3.382500000000000506e-01
3.150000000000000000e+02,1.000000000000000000e+00,3.382500000000000506e-01
3.160000000000000000e+02,1.000000000000000000e+00,3.382500000000000506e-01
3.170000000000000000e+02,1.000000000000000000e+00,3.382500000000000506e-01
3.180000000000000000e+02,1.000000000000000000e+00,3.382500000000000506e-01
3.190000000000000000e+02,1.000000000000000000e+00,3.390000000000000790e-01
3.200000000000000000e+02,1.000000000000000000e+00,3.382500000000000506e-01
3.210000000000000000e+02,1.000000000000000000e+00,3.390000000000000790e-01
3.220000000000000000e+02,1.000000000000000000e+00,3.447500000000001674e-01
3.230000000000000000e+02,1.000000000000000000e+00,3.462499999999998357e-01
3.240000000000000000e+02,1.000000000000000000e+00,3.462499999999998357e-01
3.250000000000000000e+02,1.000000000000000000e+00,3.462499999999998357e-01
3.260000000000000000e+02,1.000000000000000000e+00,3.462499999999998357e-01
3.270000000000000000e+02,1.000000000000000000e+00,3.462499999999998357e-01
3.280000000000000000e+02,1.000000000000000000e+00,3.462499999999998357e-01
3.290000000000000000e+02,1.000000000000000000e+00,3.472500000000000031e-01
3.300000000000000000e+02,1.000000000000000000e+00,3.495000000000000884e-01
3.310000000000000000e+02,1.000000000000000000e+00,3.544999999999998153e-01
3.320000000000000000e+02,1.000000000000000000e+00,3.544999999999998153e-01
3.330000000000000000e+02,1.000000000000000000e+00,3.544999999999998153e-01
3.340000000000000000e+02,1.000000000000000000e+00,3.544999999999998153e-01
3.350000000000000000e+02,1.000000000000000000e+00,3.544999999999998153e-01
3.360000000000000000e+02,1.000000000000000000e+00,3.544999999999998153e-01
3.370000000000000000e+02,1.000000000000000000e+00,3.544999999999998153e-01
3.380000000000000000e+02,1.000000000000000000e+00,3.544999999999998153e-01
3.390000000000000000e+02,1.000000000000000000e+00,3.544999999999998153e-01
3.400000000000000000e+02,1.000000000000000000e+00,3.544999999999998153e-01
3.410000000000000000e+02,1.000000000000000000e+00,3.544999999999998153e-01
3.420000000000000000e+02,1.000000000000000000e+00,3.544999999999998153e-01
3.430000000000000000e+02,1.000000000000000000e+00,3.544999999999998153e-01
3.440000000000000000e+02,1.000000000000000000e+00,3.567499999999999005e-01
3.450000000000000000e+02,1.000000000000000000e+00,3.559999999999998721e-01
3.460000000000000000e+02,1.000000000000000000e+00,3.592500000000001248e-01
3.470000000000000000e+02,1.000000000000000000e+00,3.552499999999998437e-01
3.480000000000000000e+02,1.000000000000000000e+00,3.617499999999999605e-01
3.490000000000000000e+02,1.000000000000000000e+00,3.552499999999998437e-01
3.500000000000000000e+02,1.000000000000000000e+00,3.624999999999999889e-01
3.510000000000000000e+02,1.000000000000000000e+00,3.624999999999999889e-01
3.520000000000000000e+02,1.000000000000000000e+00,3.607499999999994600e-01
3.530000000000000000e+02,1.000000000000000000e+00,3.617499999999999605e-01
3.540000000000000000e+02,1.000000000000000000e+00,3.592500000000001248e-01
3.550000000000000000e+02,1.000000000000000000e+00,3.624999999999999889e-01
3.560000000000000000e+02,1.000000000000000000e+00,3.624999999999999889e-01
3.570000000000000000e+02,1.000000000000000000e+00,3.624999999999999889e-01
3.580000000000000000e+02,1.000000000000000000e+00,3.624999999999999889e-01
3.590000000000000000e+02,1.000000000000000000e+00,3.624999999999999889e-01
3.600000000000000000e+02,1.000000000000000000e+00,3.624999999999999889e-01
3.610000000000000000e+02,1.000000000000000000e+00,3.624999999999999889e-01
3.620000000000000000e+02,1.000000000000000000e+00,3.649999999999994915e-01
3.630000000000000000e+02,1.000000000000000000e+00,3.640000000000000457e-01
3.640000000000000000e+02,1.000000000000000000e+00,3.624999999999999889e-01
3.650000000000000000e+02,1.000000000000000000e+00,3.649999999999994915e-01
3.660000000000000000e+02,1.000000000000000000e+00,3.664999999999995484e-01
3.670000000000000000e+02,1.000000000000000000e+00,3.664999999999995484e-01
3.680000000000000000e+02,1.000000000000000000e+00,3.704999999999994964e-01
3.690000000000000000e+02,1.000000000000000000e+00,3.690000000000001057e-01
3.700000000000000000e+02,1.000000000000000000e+00,3.697500000000001341e-01
3.710000000000000000e+02,1.000000000000000000e+00,3.704999999999994964e-01
3.720000000000000000e+02,1.000000000000000000e+00,3.704999999999994964e-01
3.730000000000000000e+02,1.000000000000000000e+00,3.704999999999994964e-01
3.740000000000000000e+02,1.000000000000000000e+00,3.704999999999994964e-01
3.750000000000000000e+02,1.000000000000000000e+00,3.704999999999994964e-01
3.760000000000000000e+02,1.000000000000000000e+00,3.704999999999994964e-01
3.770000000000000000e+02,1.000000000000000000e+00,3.697500000000001341e-01
3.780000000000000000e+02,1.000000000000000000e+00,3.672499999999999654e-01
3.790000000000000000e+02,1.000000000000000000e+00,3.632500000000000173e-01
3.800000000000000000e+02,1.000000000000000000e+00,3.632500000000000173e-01
3.810000000000000000e+02,1.000000000000000000e+00,3.624999999999999889e-01
3.820000000000000000e+02,1.000000000000000000e+00,3.624999999999999889e-01
3.830000000000000000e+02,1.000000000000000000e+00,3.617499999999999605e-01
3.840000000000000000e+02,1.000000000000000000e+00,3.624999999999999889e-01
3.850000000000000000e+02,1.000000000000000000e+00,3.624999999999999889e-01
3.860000000000000000e+02,1.000000000000000000e+00,3.624999999999999889e-01
3.870000000000000000e+02,1.000000000000000000e+00,3.624999999999999889e-01
3.880000000000000000e+02,1.000000000000000000e+00,3.624999999999999889e-01
3.890000000000000000e+02,1.000000000000000000e+00,3.624999999999999889e-01
3.900000000000000000e+02,1.000000000000000000e+00,3.624999999999999889e-01
3.910000000000000000e+02,1.000000000000000000e+00,3.624999999999999889e-01
3.920000000000000000e+02,1.000000000000000000e+00,3.632500000000000173e-01
3.930000000000000000e+02,1.000000000000000000e+00,3.624999999999999889e-01
3.940000000000000000e+02,1.000000000000000000e+00,3.664999999999995484e-01
3.950000000000000000e+02,1.000000000000000000e+00,3.632500000000000173e-01
3.960000000000000000e+02,1.000000000000000000e+00,3.649999999999994915e-01
3.970000000000000000e+02,1.000000000000000000e+00,3.664999999999995484e-01
3.980000000000000000e+02,1.000000000000000000e+00,3.679999999999999938e-01
3.990000000000000000e+02,1.000000000000000000e+00,3.690000000000001057e-01
4.000000000000000000e+02,1.000000000000000000e+00,3.704999999999994964e-01
4.010000000000000000e+02,1.000000000000000000e+00,3.679999999999999938e-01
4.020000000000000000e+02,1.000000000000000000e+00,3.640000000000000457e-01
4.030000000000000000e+02,1.000000000000000000e+00,3.679999999999999938e-01
4.040000000000000000e+02,1.000000000000000000e+00,3.664999999999995484e-01
4.050000000000000000e+02,1.000000000000000000e+00,3.664999999999995484e-01
4.060000000000000000e+02,1.000000000000000000e+00,3.607499999999994600e-01
4.070000000000000000e+02,1.000000000000000000e+00,3.704999999999994964e-01
4.080000000000000000e+02,1.000000000000000000e+00,3.704999999999994964e-01
4.090000000000000000e+02,1.000000000000000000e+00,3.649999999999994915e-01
4.100000000000000000e+02,1.000000000000000000e+00,3.704999999999994964e-01
4.110000000000000000e+02,1.000000000000000000e+00,3.704999999999994964e-01
4.120000000000000000e+02,1.000000000000000000e+00,3.704999999999994964e-01
4.130000000000000000e+02,1.000000000000000000e+00,3.704999999999994964e-01
4.140000000000000000e+02,1.000000000000000000e+00,3.657499999999995199e-01
4.150000000000000000e+02,1.000000000000000000e+00,3.730000000000000537e-01
4.160000000000000000e+02,1.000000000000000000e+00,3.730000000000000537e-01
4.170000000000000000e+02,1.000000000000000000e+00,3.752500000000001390e-01
4.180000000000000000e+02,1.000000000000000000e+00,3.785000000000000031e-01
4.190000000000000000e+02,1.000000000000000000e+00,3.785000000000000031e-01
4.200000000000000000e+02,1.000000000000000000e+00,3.785000000000000031e-01
4.210000000000000000e+02,1.000000000000000000e+00,3.785000000000000031e-01
4.220000000000000000e+02,1.000000000000000000e+00,3.785000000000000031e-01
4.230000000000000000e+02,1.000000000000000000e+00,3.785000000000000031e-01
4.240000000000000000e+02,1.000000000000000000e+00,3.785000000000000031e-01
4.250000000000000000e+02,1.000000000000000000e+00,3.785000000000000031e-01
4.260000000000000000e+02,1.000000000000000000e+00,3.785000000000000031e-01
4.270000000000000000e+02,1.000000000000000000e+00,3.785000000000000031e-01
4.280000000000000000e+02,1.000000000000000000e+00,3.785000000000000031e-01
4.290000000000000000e+02,1.000000000000000000e+00,3.785000000000000031e-01
4.300000000000000000e+02,1.000000000000000000e+00,3.769999999999999463e-01
4.310000000000000000e+02,1.000000000000000000e+00,3.785000000000000031e-01
4.320000000000000000e+02,1.000000000000000000e+00,3.785000000000000031e-01
4.330000000000000000e+02,1.000000000000000000e+00,3.769999999999999463e-01
4.340000000000000000e+02,1.000000000000000000e+00,3.785000000000000031e-01
4.350000000000000000e+02,1.000000000000000000e+00,3.794999999999994489e-01
4.360000000000000000e+02,1.000000000000000000e+00,3.794999999999994489e-01
4.370000000000000000e+02,1.000000000000000000e+00,3.802499999999994773e-01
4.380000000000000000e+02,1.000000000000000000e+00,3.817499999999995342e-01
4.390000000000000000e+02,1.000000000000000000e+00,3.809999999999995057e-01
