tm,MVm,PVm
0.000000000000000000e+00,0.000000000000000000e+00,0.000000000000000000e+00
1.000000000000000000e+00,1.000000000000000000e+00,7.249999999999978684e-03
2.000000000000000000e+00,1.000000000000000000e+00,7.249999999999978684e-03
3.000000000000000000e+00,1.000000000000000000e+00,7.249999999999978684e-03
4.000000000000000000e+00,1.000000000000000000e+00,7.249999999999978684e-03
5.000000000000000000e+00,1.000000000000000000e+00,7.249999999999978684e-03
6.000000000000000000e+00,1.000000000000000000e+00,3.250000000000064036e-03
7.000000000000000000e+00,1.000000000000000000e+00,9.750000000000013864e-03
8.000000000000000000e+00,1.000000000000000000e+00,9.750000000000013864e-03
9.000000000000000000e+00,1.000000000000000000e+00,1.275000000000012755e-02
1.000000000000000000e+01,1.000000000000000000e+00,1.275000000000012755e-02
1.100000000000000000e+01,1.000000000000000000e+00,1.524999999999998579e-02
1.200000000000000000e+01,1.000000000000000000e+00,1.050000000000004229e-02
1.300000000000000000e+01,1.000000000000000000e+00,1.200000000000009913e-02
1.400000000000000000e+01,1.000000000000000000e+00,1.524999999999998579e-02
1.500000000000000000e+01,1.000000000000000000e+00,1.524999999999998579e-02
1.600000000000000000e+01,1.000000000000000000e+00,1.699999999999999428e-02
1.700000000000000000e+01,1.000000000000000000e+00,1.600000000000001421e-02
1.800000000000000000e+01,1.000000000000000000e+00,1.524999999999998579e-02
1.900000000000000000e+01,1.000000000000000000e+00,2.324999999999999289e-02
2.000000000000000000e+01,1.000000000000000000e+00,2.424999999999997297e-02
2.100000000000000000e+01,1.000000000000000000e+00,2.575000000000002981e-02
2.200000000000000000e+01,1.000000000000000000e+00,3.150000000000012512e-02
2.300000000000000000e+01,1.000000000000000000e+00,3.150000000000012512e-02
2.400000000000000000e+01,1.000000000000000000e+00,3.875000000000010381e-02
2.500000000000000000e+01,1.000000000000000000e+00,3.949999999999995876e-02
2.600000000000000000e+01,1.000000000000000000e+00,3.949999999999995876e-02
2.700000000000000000e+01,1.000000000000000000e+00,3.949999999999995876e-02
2.800000000000000000e+01,1.000000000000000000e+00,3.949999999999995876e-02
2.900000000000000000e+01,1.000000000000000000e+00,4.024999999999998718e-02
3.000000000000000000e+01,1.000000000000000000e+00,4.100000000000001560e-02
3.100000000000000000e+01,1.000000000000000000e+00,4.175000000000004402e-02
3.200000000000000000e+01,1.000000000000000000e+00,4.749999999999996586e-02
3.300000000000000000e+01,1.000000000000000000e+00,4.749999999999996586e-02
3.400000000000000000e+01,1.000000000000000000e+00,4.749999999999996586e-02
3.500000000000000000e+01,1.000000000000000000e+00,4.749999999999996586e-02
3.600000000000000000e+01,1.000000000000000000e+00,4.749999999999996586e-02
3.700000000000000000e+01,1.000000000000000000e+00,5.400000000000008959e-02
3.800000000000000000e+01,1.000000000000000000e+00,5.549999999999997297e-02
3.900000000000000000e+01,1.000000000000000000e+00,5.549999999999997297e-02
4.000000000000000000e+01,1.000000000000000000e+00,5.549999999999997297e-02
4.100000000000000000e+01,1.000000000000000000e+00,5.625000000000000139e-02
4.200000000000000000e+01,1.000000000000000000e+00,6.125000000000006828e-02
4.300000000000000000e+01,1.000000000000000000e+00,6.675000000000004541e-02
4.400000000000000000e+01,1.000000000000000000e+00,7.175000000000011924e-02
4.500000000000000000e+01,1.000000000000000000e+00,7.175000000000011924e-02
4.600000000000000000e+01,1.000000000000000000e+00,7.825000000000006950e-02
4.700000000000000000e+01,1.000000000000000000e+00,7.975000000000012634e-02
4.800000000000000000e+01,1.000000000000000000e+00,7.975000000000012634e-02
4.900000000000000000e+01,1.000000000000000000e+00,8.049999999999997435e-02
5.000000000000000000e+01,1.000000000000000000e+00,8.775000000000013345e-02
5.100000000000000000e+01,1.000000000000000000e+00,8.775000000000013345e-02
5.200000000000000000e+01,1.000000000000000000e+00,8.775000000000013345e-02
5.300000000000000000e+01,1.000000000000000000e+00,9.024999999999998301e-02
5.400000000000000000e+01,1.000000000000000000e+00,9.574999999999996014e-02
5.500000000000000000e+01,1.000000000000000000e+00,9.574999999999996014e-02
5.600000000000000000e+01,1.000000000000000000e+00,9.824999999999999012e-02
5.700000000000000000e+01,1.000000000000000000e+00,1.040000000000000924e-01
5.800000000000000000e+01,1.000000000000000000e+00,1.087500000000000411e-01
5.900000000000000000e+01,1.000000000000000000e+00,1.120000000000000995e-01
6.000000000000000000e+01,1.000000000000000000e+00,1.120000000000000995e-01
6.100000000000000000e+01,1.000000000000000000e+00,1.127500000000001279e-01
6.200000000000000000e+01,1.000000000000000000e+00,1.200000000000001066e-01
6.300000000000000000e+01,1.000000000000000000e+00,1.200000000000001066e-01
6.400000000000000000e+01,1.000000000000000000e+00,1.200000000000001066e-01
6.500000000000000000e+01,1.000000000000000000e+00,1.200000000000001066e-01
6.600000000000000000e+01,1.000000000000000000e+00,1.207499999999999546e-01
6.700000000000000000e+01,1.000000000000000000e+00,1.265000000000000568e-01
6.800000000000000000e+01,1.000000000000000000e+00,1.280000000000001137e-01
6.900000000000000000e+01,1.000000000000000000e+00,1.280000000000001137e-01
7.000000000000000000e+01,1.000000000000000000e+00,1.345000000000000639e-01
7.100000000000000000e+01,1.000000000000000000e+00,1.362500000000000655e-01
7.200000000000000000e+01,1.000000000000000000e+00,1.362500000000000655e-01
7.300000000000000000e+01,1.000000000000000000e+00,1.410000000000000142e-01
7.400000000000000000e+01,1.000000000000000000e+00,1.442500000000000726e-01
7.500000000000000000e+01,1.000000000000000000e+00,1.450000000000001010e-01
7.600000000000000000e+01,1.000000000000000000e+00,1.507500000000000229e-01
7.700000000000000000e+01,1.000000000000000000e+00,1.522500000000000797e-01
7.800000000000000000e+01,1.000000000000000000e+00,1.522500000000000797e-01
7.900000000000000000e+01,1.000000000000000000e+00,1.530000000000001081e-01
8.000000000000000000e+01,1.000000000000000000e+00,1.570000000000000284e-01
8.100000000000000000e+01,1.000000000000000000e+00,1.602500000000000868e-01
8.200000000000000000e+01,1.000000000000000000e+00,1.602500000000000868e-01
8.300000000000000000e+01,1.000000000000000000e+00,1.682500000000000939e-01
8.400000000000000000e+01,1.000000000000000000e+00,1.652499999999999802e-01
8.500000000000000000e+01,1.000000000000000000e+00,1.682500000000000939e-01
8.600000000000000000e+01,1.000000000000000000e+00,1.682500000000000939e-01
8.700000000000000000e+01,1.000000000000000000e+00,1.724999999999999589e-01
8.800000000000000000e+01,1.000000000000000000e+00,1.765000000000000457e-01
8.900000000000000000e+01,1.000000000000000000e+00,1.765000000000000457e-01
9.000000000000000000e+01,1.000000000000000000e+00,1.765000000000000457e-01
9.100000000000000000e+01,1.000000000000000000e+00,1.797500000000001319e-01
9.200000000000000000e+01,1.000000000000000000e+00,1.845000000000000528e-01
9.300000000000000000e+01,1.000000000000000000e+00,1.812499999999999944e-01
9.400000000000000000e+01,1.000000000000000000e+00,1.845000000000000528e-01
9.500000000000000000e+01,1.000000000000000000e+00,1.870000000000001106e-01
9.600000000000000000e+01,1.000000000000000000e+00,1.925000000000000600e-01
9.700000000000000000e+01,1.000000000000000000e+00,1.925000000000000600e-01
9.800000000000000000e+01,1.000000000000000000e+00,1.925000000000000600e-01
9.900000000000000000e+01,1.000000000000000000e+00,1.910000000000000031e-01
1.000000000000000000e+02,1.000000000000000000e+00,1.925000000000000600e-01
1.010000000000000000e+02,1.000000000000000000e+00,1.925000000000000600e-01
1.020000000000000000e+02,1.000000000000000000e+00,1.925000000000000600e-01
1.030000000000000000e+02,1.000000000000000000e+00,1.990000000000000102e-01
1.040000000000000000e+02,1.000000000000000000e+00,1.997500000000000386e-01
1.050000000000000000e+02,1.000000000000000000e+00,2.005000000000000671e-01
1.060000000000000000e+02,1.000000000000000000e+00,2.005000000000000671e-01
1.070000000000000000e+02,1.000000000000000000e+00,2.015000000000000679e-01
1.080000000000000000e+02,1.000000000000000000e+00,2.087500000000000466e-01
1.090000000000000000e+02,1.000000000000000000e+00,2.087500000000000466e-01
1.100000000000000000e+02,1.000000000000000000e+00,2.110000000000001319e-01
1.110000000000000000e+02,1.000000000000000000e+00,2.167500000000000537e-01
1.120000000000000000e+02,1.000000000000000000e+00,2.167500000000000537e-01
1.130000000000000000e+02,1.000000000000000000e+00,2.214999999999999747e-01
1.140000000000000000e+02,1.000000000000000000e+00,2.232500000000000040e-01
1.150000000000000000e+02,1.000000000000000000e+00,2.247500000000000608e-01
1.160000000000000000e+02,1.000000000000000000e+00,2.247500000000000608e-01
1.170000000000000000e+02,1.000000000000000000e+00,2.304999999999999827e-01
1.180000000000000000e+02,1.000000000000000000e+00,2.327500000000000679e-01
1.190000000000000000e+02,1.000000000000000000e+00,2.407500000000000751e-01
1.200000000000000000e+02,1.000000000000000000e+00,2.407500000000000751e-01
1.210000000000000000e+02,1.000000000000000000e+00,2.457499999999999685e-01
1.220000000000000000e+02,1.000000000000000000e+00,2.490000000000000269e-01
1.230000000000000000e+02,1.000000000000000000e+00,2.490000000000000269e-01
1.240000000000000000e+02,1.000000000000000000e+00,2.512500000000000844e-01
1.250000000000000000e+02,1.000000000000000000e+00,2.512500000000000844e-01
1.260000000000000000e+02,1.000000000000000000e+00,2.545000000000000040e-01
1.270000000000000000e+02,1.000000000000000000e+00,2.552500000000000324e-01
1.280000000000000000e+02,1.000000000000000000e+00,2.552500000000000324e-01
1.290000000000000000e+02,1.000000000000000000e+00,2.570000000000000062e-01
1.300000000000000000e+02,1.000000000000000000e+00,2.570000000000000062e-01
1.310000000000000000e+02,1.000000000000000000e+00,2.570000000000000062e-01
1.320000000000000000e+02,1.000000000000000000e+00,2.570000000000000062e-01
1.330000000000000000e+02,1.000000000000000000e+00,2.570000000000000062e-01
1.340000000000000000e+02,1.000000000000000000e+00,2.570000000000000062e-01
1.350000000000000000e+02,1.000000000000000000e+00,2.570000000000000062e-01
1.360000000000000000e+02,1.000000000000000000e+00,2.570000000000000062e-01
1.370000000000000000e+02,1.000000000000000000e+00,2.602500000000000924e-01
1.380000000000000000e+02,1.000000000000000000e+00,2.610000000000001208e-01
1.390000000000000000e+02,1.000000000000000000e+00,2.650000000000000133e-01
1.400000000000000000e+02,1.000000000000000000e+00,2.730000000000000204e-01
1.410000000000000000e+02,1.000000000000000000e+00,2.722499999999999920e-01
1.420000000000000000e+02,1.000000000000000000e+00,2.730000000000000204e-01
1.430000000000000000e+02,1.000000000000000000e+00,2.730000000000000204e-01
1.440000000000000000e+02,1.000000000000000000e+00,2.730000000000000204e-01
1.450000000000000000e+02,1.000000000000000000e+00,2.730000000000000204e-01
1.460000000000000000e+02,1.000000000000000000e+00,2.755000000000000782e-01
1.470000000000000000e+02,1.000000000000000000e+00,2.812500000000000000e-01
1.480000000000000000e+02,1.000000000000000000e+00,2.747500000000000497e-01
1.490000000000000000e+02,1.000000000000000000e+00,2.812500000000000000e-01
1.500000000000000000e+02,1.000000000000000000e+00,2.812500000000000000e-01
1.510000000000000000e+02,1.000000000000000000e+00,2.812500000000000000e-01
1.520000000000000000e+02,1.000000000000000000e+00,2.845000000000000862e-01
1.530000000000000000e+02,1.000000000000000000e+00,2.884999999999999787e-01
1.540000000000000000e+02,1.000000000000000000e+00,2.892500000000000071e-01
1.550000000000000000e+02,1.000000000000000000e+00,2.892500000000000071e-01
1.560000000000000000e+02,1.000000000000000000e+00,2.892500000000000071e-01
1.570000000000000000e+02,1.000000000000000000e+00,2.892500000000000071e-01
1.580000000000000000e+02,1.000000000000000000e+00,2.907500000000000639e-01
1.590000000000000000e+02,1.000000000000000000e+00,2.940000000000001501e-01
1.600000000000000000e+02,1.000000000000000000e+00,2.972500000000000142e-01
1.610000000000000000e+02,1.000000000000000000e+00,2.972500000000000142e-01
1.620000000000000000e+02,1.000000000000000000e+00,2.972500000000000142e-01
1.630000000000000000e+02,1.000000000000000000e+00,2.972500000000000142e-01
1.640000000000000000e+02,1.000000000000000000e+00,3.019999999999999352e-01
1.650000000000000000e+02,1.000000000000000000e+00,3.052500000000000213e-01
1.660000000000000000e+02,1.000000000000000000e+00,3.030000000000001026e-01
1.670000000000000000e+02,1.000000000000000000e+00,3.052500000000000213e-01
1.680000000000000000e+02,1.000000000000000000e+00,3.052500000000000213e-01
1.690000000000000000e+02,1.000000000000000000e+00,3.052500000000000213e-01
1.700000000000000000e+02,1.000000000000000000e+00,3.052500000000000213e-01
1.710000000000000000e+02,1.000000000000000000e+00,3.052500000000000213e-01
1.720000000000000000e+02,1.000000000000000000e+00,3.052500000000000213e-01
1.730000000000000000e+02,1.000000000000000000e+00,3.052500000000000213e-01
1.740000000000000000e+02,1.000000000000000000e+00,2.980000000000000426e-01
1.750000000000000000e+02,1.000000000000000000e+00,2.997500000000000719e-01
1.760000000000000000e+02,1.000000000000000000e+00,3.019999999999999352e-01
1.770000000000000000e+02,1.000000000000000000e+00,2.997500000000000719e-01
1.780000000000000000e+02,1.000000000000000000e+00,3.005000000000001004e-01
1.790000000000000000e+02,1.000000000000000000e+00,3.019999999999999352e-01
1.800000000000000000e+02,1.000000000000000000e+00,3.052500000000000213e-01
1.810000000000000000e+02,1.000000000000000000e+00,2.957499999999999574e-01
1.820000000000000000e+02,1.000000000000000000e+00,3.052500000000000213e-01
1.830000000000000000e+02,1.000000000000000000e+00,3.052500000000000213e-01
1.840000000000000000e+02,1.000000000000000000e+00,3.052500000000000213e-01
1.850000000000000000e+02,1.000000000000000000e+00,3.062500000000000222e-01
1.860000000000000000e+02,1.000000000000000000e+00,3.077500000000000790e-01
1.870000000000000000e+02,1.000000000000000000e+00,3.125000000000000000e-01
1.880000000000000000e+02,1.000000000000000000e+00,3.135000000000000009e-01
1.890000000000000000e+02,1.000000000000000000e+00,3.135000000000000009e-01
1.900000000000000000e+02,1.000000000000000000e+00,3.150000000000000577e-01
1.910000000000000000e+02,1.000000000000000000e+00,3.215000000000000080e-01
1.920000000000000000e+02,1.000000000000000000e+00,3.215000000000000080e-01
1.930000000000000000e+02,1.000000000000000000e+00,3.262500000000000955e-01
1.940000000000000000e+02,1.000000000000000000e+00,3.262500000000000955e-01
1.950000000000000000e+02,1.000000000000000000e+00,3.215000000000000080e-01
1.960000000000000000e+02,1.000000000000000000e+00,3.222500000000000364e-01
1.970000000000000000e+02,1.000000000000000000e+00,3.182500000000000884e-01
1.980000000000000000e+02,1.000000000000000000e+00,3.215000000000000080e-01
1.990000000000000000e+02,1.000000000000000000e+00,3.215000000000000080e-01
2.000000000000000000e+02,1.000000000000000000e+00,3.182500000000000884e-01
2.010000000000000000e+02,1.000000000000000000e+00,3.182500000000000884e-01
2.020000000000000000e+02,1.000000000000000000e+00,3.215000000000000080e-01
2.030000000000000000e+02,1.000000000000000000e+00,3.215000000000000080e-01
2.040000000000000000e+02,1.000000000000000000e+00,3.215000000000000080e-01
2.050000000000000000e+02,1.000000000000000000e+00,3.215000000000000080e-01
2.060000000000000000e+02,1.000000000000000000e+00,3.215000000000000080e-01
2.070000000000000000e+02,1.000000000000000000e+00,3.215000000000000080e-01
2.080000000000000000e+02,1.000000000000000000e+00,3.262500000000000955e-01
2.090000000000000000e+02,1.000000000000000000e+00,3.295000000000000151e-01
2.100000000000000000e+02,1.000000000000000000e+00,3.295000000000000151e-01
2.110000000000000000e+02,1.000000000000000000e+00,3.295000000000000151e-01
2.120000000000000000e+02,1.000000000000000000e+00,3.310000000000000719e-01
2.130000000000000000e+02,1.000000000000000000e+00,3.352500000000001035e-01
2.140000000000000000e+02,1.000000000000000000e+00,3.375000000000000222e-01
2.150000000000000000e+02,1.000000000000000000e+00,3.375000000000000222e-01
2.160000000000000000e+02,1.000000000000000000e+00,3.447500000000001674e-01
2.170000000000000000e+02,1.000000000000000000e+00,3.455000000000001958e-01
2.180000000000000000e+02,1.000000000000000000e+00,3.455000000000001958e-01
2.190000000000000000e+02,1.000000000000000000e+00,3.455000000000001958e-01
2.200000000000000000e+02,1.000000000000000000e+00,3.455000000000001958e-01
2.210000000000000000e+02,1.000000000000000000e+00,3.464999999999999747e-01
2.220000000000000000e+02,1.000000000000000000e+00,3.464999999999999747e-01
2.230000000000000000e+02,1.000000000000000000e+00,3.455000000000001958e-01
2.240000000000000000e+02,1.000000000000000000e+00,3.455000000000001958e-01
2.250000000000000000e+02,1.000000000000000000e+00,3.455000000000001958e-01
2.260000000000000000e+02,1.000000000000000000e+00,3.455000000000001958e-01
2.270000000000000000e+02,1.000000000000000000e+00,3.455000000000001958e-01
2.280000000000000000e+02,1.000000000000000000e+00,3.414999999999999147e-01
2.290000000000000000e+02,1.000000000000000000e+00,3.440000000000001390e-01
2.300000000000000000e+02,1.000000000000000000e+00,3.455000000000001958e-01
2.310000000000000000e+02,1.000000000000000000e+00,3.455000000000001958e-01
2.320000000000000000e+02,1.000000000000000000e+00,3.519999999999999796e-01
2.330000000000000000e+02,1.000000000000000000e+00,3.504999999999999227e-01
2.340000000000000000e+02,1.000000000000000000e+00,3.527500000000000080e-01
2.350000000000000000e+02,1.000000000000000000e+00,3.537500000000001199e-01
2.360000000000000000e+02,1.000000000000000000e+00,3.537500000000001199e-01
2.370000000000000000e+02,1.000000000000000000e+00,3.537500000000001199e-01
2.380000000000000000e+02,1.000000000000000000e+00,3.537500000000001199e-01
2.390000000000000000e+02,1.000000000000000000e+00,3.545000000000001483e-01
2.400000000000000000e+02,1.000000000000000000e+00,3.425000000000000822e-01
2.410000000000000000e+02,1.000000000000000000e+00,3.617499999999999605e-01
2.420000000000000000e+02,1.000000000000000000e+00,3.617499999999999605e-01
2.430000000000000000e+02,1.000000000000000000e+00,3.617499999999999605e-01
2.440000000000000000e+02,1.000000000000000000e+00,3.617499999999999605e-01
2.450000000000000000e+02,1.000000000000000000e+00,3.617499999999999605e-01
2.460000000000000000e+02,1.000000000000000000e+00,3.617499999999999605e-01
2.470000000000000000e+02,1.000000000000000000e+00,3.617499999999999605e-01
2.480000000000000000e+02,1.000000000000000000e+00,3.642500000000001847e-01
2.490000000000000000e+02,1.000000000000000000e+00,3.672499999999999654e-01
2.500000000000000000e+02,1.000000000000000000e+00,3.697500000000001341e-01
2.510000000000000000e+02,1.000000000000000000e+00,3.697500000000001341e-01
2.520000000000000000e+02,1.000000000000000000e+00,3.697500000000001341e-01
2.530000000000000000e+02,1.000000000000000000e+00,3.664999999999999369e-01
2.540000000000000000e+02,1.000000000000000000e+00,3.697500000000001341e-01
2.550000000000000000e+02,1.000000000000000000e+00,3.754999999999998894e-01
2.560000000000000000e+02,1.000000000000000000e+00,3.777499999999999747e-01
2.570000000000000000e+02,1.000000000000000000e+00,3.777499999999999747e-01
2.580000000000000000e+02,1.000000000000000000e+00,3.777499999999999747e-01
2.590000000000000000e+02,1.000000000000000000e+00,3.777499999999999747e-01
2.600000000000000000e+02,1.000000000000000000e+00,3.777499999999999747e-01
2.610000000000000000e+02,1.000000000000000000e+00,3.777499999999999747e-01
2.620000000000000000e+02,1.000000000000000000e+00,3.777499999999999747e-01
2.630000000000000000e+02,1.000000000000000000e+00,3.777499999999999747e-01
2.640000000000000000e+02,1.000000000000000000e+00,3.777499999999999747e-01
2.650000000000000000e+02,1.000000000000000000e+00,3.777499999999999747e-01
2.660000000000000000e+02,1.000000000000000000e+00,3.777499999999999747e-01
2.670000000000000000e+02,1.000000000000000000e+00,3.777499999999999747e-01
2.680000000000000000e+02,1.000000000000000000e+00,3.777499999999999747e-01
2.690000000000000000e+02,1.000000000000000000e+00,3.777499999999999747e-01
2.700000000000000000e+02,1.000000000000000000e+00,3.795000000000001705e-01
2.710000000000000000e+02,1.000000000000000000e+00,3.842500000000000915e-01
2.720000000000000000e+02,1.000000000000000000e+00,3.859999999999999543e-01
2.730000000000000000e+02,1.000000000000000000e+00,3.850000000000001199e-01
2.740000000000000000e+02,1.000000000000000000e+00,3.859999999999999543e-01
2.750000000000000000e+02,1.000000000000000000e+00,3.859999999999999543e-01
2.760000000000000000e+02,1.000000000000000000e+00,3.859999999999999543e-01
2.770000000000000000e+02,1.000000000000000000e+00,3.859999999999999543e-01
2.780000000000000000e+02,1.000000000000000000e+00,3.900000000000002354e-01
2.790000000000000000e+02,1.000000000000000000e+00,3.890000000000000679e-01
2.800000000000000000e+02,1.000000000000000000e+00,3.914999999999999036e-01
2.810000000000000000e+02,1.000000000000000000e+00,3.914999999999999036e-01
2.820000000000000000e+02,1.000000000000000000e+00,3.859999999999999543e-01
2.830000000000000000e+02,1.000000000000000000e+00,3.867499999999999827e-01
2.840000000000000000e+02,1.000000000000000000e+00,3.859999999999999543e-01
2.850000000000000000e+02,1.000000000000000000e+00,3.859999999999999543e-01
2.860000000000000000e+02,1.000000000000000000e+00,3.859999999999999543e-01
2.870000000000000000e+02,1.000000000000000000e+00,3.867499999999999827e-01
2.880000000000000000e+02,1.000000000000000000e+00,3.859999999999999543e-01
2.890000000000000000e+02,1.000000000000000000e+00,3.914999999999999036e-01
2.900000000000000000e+02,1.000000000000000000e+00,3.940000000000001279e-01
2.910000000000000000e+02,1.000000000000000000e+00,3.940000000000001279e-01
2.920000000000000000e+02,1.000000000000000000e+00,3.940000000000001279e-01
2.930000000000000000e+02,1.000000000000000000e+00,3.947500000000001563e-01
2.940000000000000000e+02,1.000000000000000000e+00,3.987500000000000488e-01
2.950000000000000000e+02,1.000000000000000000e+00,4.012499999999999400e-01
2.960000000000000000e+02,1.000000000000000000e+00,4.019999999999999685e-01
2.970000000000000000e+02,1.000000000000000000e+00,4.019999999999999685e-01
2.980000000000000000e+02,1.000000000000000000e+00,4.019999999999999685e-01
2.990000000000000000e+02,1.000000000000000000e+00,4.019999999999999685e-01
3.000000000000000000e+02,1.000000000000000000e+00,4.019999999999999685e-01
3.010000000000000000e+02,1.000000000000000000e+00,4.019999999999999685e-01
3.020000000000000000e+02,1.000000000000000000e+00,4.019999999999999685e-01
3.030000000000000000e+02,1.000000000000000000e+00,4.019999999999999685e-01
3.040000000000000000e+02,1.000000000000000000e+00,4.045000000000001927e-01
3.050000000000000000e+02,1.000000000000000000e+00,4.027499999999999969e-01
3.060000000000000000e+02,1.000000000000000000e+00,4.019999999999999685e-01
3.070000000000000000e+02,1.000000000000000000e+00,4.019999999999999685e-01
3.080000000000000000e+02,1.000000000000000000e+00,4.027499999999999969e-01
3.090000000000000000e+02,1.000000000000000000e+00,4.100000000000001421e-01
3.100000000000000000e+02,1.000000000000000000e+00,4.100000000000001421e-01
3.110000000000000000e+02,1.000000000000000000e+00,4.019999999999999685e-01
3.120000000000000000e+02,1.000000000000000000e+00,3.842500000000000915e-01
3.130000000000000000e+02,1.000000000000000000e+00,3.777499999999999747e-01
3.140000000000000000e+02,1.000000000000000000e+00,3.777499999999999747e-01
3.150000000000000000e+02,1.000000000000000000e+00,3.777499999999999747e-01
3.160000000000000000e+02,1.000000000000000000e+00,3.827500000000000346e-01
3.170000000000000000e+02,1.000000000000000000e+00,3.859999999999999543e-01
3.180000000000000000e+02,1.000000000000000000e+00,3.859999999999999543e-01
3.190000000000000000e+02,1.000000000000000000e+00,3.900000000000002354e-01
3.200000000000000000e+02,1.000000000000000000e+00,3.932500000000000995e-01
3.210000000000000000e+02,1.000000000000000000e+00,3.940000000000001279e-01
3.220000000000000000e+02,1.000000000000000000e+00,3.980000000000000204e-01
3.230000000000000000e+02,1.000000000000000000e+00,4.019999999999999685e-01
3.240000000000000000e+02,1.000000000000000000e+00,4.019999999999999685e-01
3.250000000000000000e+02,1.000000000000000000e+00,4.019999999999999685e-01
3.260000000000000000e+02,1.000000000000000000e+00,4.019999999999999685e-01
3.270000000000000000e+02,1.000000000000000000e+00,4.019999999999999685e-01
3.280000000000000000e+02,1.000000000000000000e+00,4.059999999999998610e-01
3.290000000000000000e+02,1.000000000000000000e+00,4.100000000000001421e-01
3.300000000000000000e+02,1.000000000000000000e+00,4.100000000000001421e-01
3.310000000000000000e+02,1.000000000000000000e+00,4.100000000000001421e-01
3.320000000000000000e+02,1.000000000000000000e+00,4.100000000000001421e-01
3.330000000000000000e+02,1.000000000000000000e+00,4.100000000000001421e-01
3.340000000000000000e+02,1.000000000000000000e+00,4.100000000000001421e-01
3.350000000000000000e+02,1.000000000000000000e+00,4.100000000000001421e-01
3.360000000000000000e+02,1.000000000000000000e+00,4.100000000000001421e-01
3.370000000000000000e+02,1.000000000000000000e+00,4.107500000000001705e-01
3.380000000000000000e+02,1.000000000000000000e+00,4.100000000000001421e-01
3.390000000000000000e+02,1.000000000000000000e+00,4.179999999999999827e-01
3.400000000000000000e+02,1.000000000000000000e+00,4.179999999999999827e-01
3.410000000000000000e+02,1.000000000000000000e+00,4.179999999999999827e-01
3.420000000000000000e+02,1.000000000000000000e+00,4.179999999999999827e-01
3.430000000000000000e+02,1.000000000000000000e+00,4.179999999999999827e-01
3.440000000000000000e+02,1.000000000000000000e+00,4.230000000000000426e-01
3.450000000000000000e+02,1.000000000000000000e+00,4.245000000000000995e-01
3.460000000000000000e+02,1.000000000000000000e+00,4.262499999999999067e-01
3.470000000000000000e+02,1.000000000000000000e+00,4.212500000000002354e-01
3.480000000000000000e+02,1.000000000000000000e+00,4.262499999999999067e-01
3.490000000000000000e+02,1.000000000000000000e+00,4.342500000000001359e-01
3.500000000000000000e+02,1.000000000000000000e+00,4.335000000000001075e-01
3.510000000000000000e+02,1.000000000000000000e+00,4.302500000000001878e-01
3.520000000000000000e+02,1.000000000000000000e+00,4.262499999999999067e-01
3.530000000000000000e+02,1.000000000000000000e+00,4.262499999999999067e-01
3.540000000000000000e+02,1.000000000000000000e+00,4.277499999999999636e-01
3.550000000000000000e+02,1.000000000000000000e+00,4.342500000000001359e-01
3.560000000000000000e+02,1.000000000000000000e+00,4.342500000000001359e-01
3.570000000000000000e+02,1.000000000000000000e+00,4.342500000000001359e-01
3.580000000000000000e+02,1.000000000000000000e+00,4.342500000000001359e-01
3.590000000000000000e+02,1.000000000000000000e+00,4.342500000000001359e-01
3.600000000000000000e+02,1.000000000000000000e+00,4.342500000000001359e-01
3.610000000000000000e+02,1.000000000000000000e+00,4.342500000000001359e-01
3.620000000000000000e+02,1.000000000000000000e+00,4.342500000000001359e-01
3.630000000000000000e+02,1.000000000000000000e+00,4.342500000000001359e-01
3.640000000000000000e+02,1.000000000000000000e+00,4.342500000000001359e-01
3.650000000000000000e+02,1.000000000000000000e+00,4.342500000000001359e-01
3.660000000000000000e+02,1.000000000000000000e+00,4.342500000000001359e-01
3.670000000000000000e+02,1.000000000000000000e+00,4.342500000000001359e-01
3.680000000000000000e+02,1.000000000000000000e+00,4.342500000000001359e-01
3.690000000000000000e+02,1.000000000000000000e+00,4.342500000000001359e-01
3.700000000000000000e+02,1.000000000000000000e+00,4.342500000000001359e-01
3.710000000000000000e+02,1.000000000000000000e+00,4.342500000000001359e-01
3.720000000000000000e+02,1.000000000000000000e+00,4.350000000000001643e-01
3.730000000000000000e+02,1.000000000000000000e+00,4.350000000000001643e-01
3.740000000000000000e+02,1.000000000000000000e+00,4.342500000000001359e-01
3.750000000000000000e+02,1.000000000000000000e+00,4.342500000000001359e-01
3.760000000000000000e+02,1.000000000000000000e+00,4.342500000000001359e-01
3.770000000000000000e+02,1.000000000000000000e+00,4.342500000000001359e-01
3.780000000000000000e+02,1.000000000000000000e+00,4.262499999999999067e-01
3.790000000000000000e+02,1.000000000000000000e+00,4.262499999999999067e-01
3.800000000000000000e+02,1.000000000000000000e+00,4.269999999999999352e-01
3.810000000000000000e+02,1.000000000000000000e+00,4.309999999999998832e-01
3.820000000000000000e+02,1.000000000000000000e+00,4.324999999999999400e-01
3.830000000000000000e+02,1.000000000000000000e+00,4.317499999999999116e-01
3.840000000000000000e+02,1.000000000000000000e+00,4.335000000000001075e-01
3.850000000000000000e+02,1.000000000000000000e+00,4.342500000000001359e-01
3.860000000000000000e+02,1.000000000000000000e+00,4.342500000000001359e-01
3.870000000000000000e+02,1.000000000000000000e+00,4.342500000000001359e-01
3.880000000000000000e+02,1.000000000000000000e+00,4.342500000000001359e-01
3.890000000000000000e+02,1.000000000000000000e+00,4.342500000000001359e-01
3.900000000000000000e+02,1.000000000000000000e+00,4.342500000000001359e-01
3.910000000000000000e+02,1.000000000000000000e+00,4.324999999999999400e-01
3.920000000000000000e+02,1.000000000000000000e+00,4.375000000000000000e-01
3.930000000000000000e+02,1.000000000000000000e+00,4.390000000000000568e-01
3.940000000000000000e+02,1.000000000000000000e+00,4.367499999999999716e-01
3.950000000000000000e+02,1.000000000000000000e+00,4.367499999999999716e-01
3.960000000000000000e+02,1.000000000000000000e+00,4.342500000000001359e-01
3.970000000000000000e+02,1.000000000000000000e+00,4.357500000000001927e-01
3.980000000000000000e+02,1.000000000000000000e+00,4.390000000000000568e-01
3.990000000000000000e+02,1.000000000000000000e+00,4.422499999999999210e-01
4.000000000000000000e+02,1.000000000000000000e+00,4.422499999999999210e-01
4.010000000000000000e+02,1.000000000000000000e+00,4.422499999999999210e-01
4.020000000000000000e+02,1.000000000000000000e+00,4.422499999999999210e-01
4.030000000000000000e+02,1.000000000000000000e+00,4.422499999999999210e-01
4.040000000000000000e+02,1.000000000000000000e+00,4.422499999999999210e-01
4.050000000000000000e+02,1.000000000000000000e+00,4.422499999999999210e-01
4.060000000000000000e+02,1.000000000000000000e+00,4.422499999999999210e-01
4.070000000000000000e+02,1.000000000000000000e+00,4.422499999999999210e-01
4.080000000000000000e+02,1.000000000000000000e+00,4.422499999999999210e-01
4.090000000000000000e+02,1.000000000000000000e+00,4.422499999999999210e-01
4.100000000000000000e+02,1.000000000000000000e+00,4.422499999999999210e-01
4.110000000000000000e+02,1.000000000000000000e+00,4.422499999999999210e-01
4.120000000000000000e+02,1.000000000000000000e+00,4.487500000000000933e-01
4.130000000000000000e+02,1.000000000000000000e+00,4.487500000000000933e-01
4.140000000000000000e+02,1.000000000000000000e+00,4.502500000000001501e-01
4.150000000000000000e+02,1.000000000000000000e+00,4.502500000000001501e-01
4.160000000000000000e+02,1.000000000000000000e+00,4.527499999999999858e-01
4.170000000000000000e+02,1.000000000000000000e+00,4.574999999999999067e-01
4.180000000000000000e+02,1.000000000000000000e+00,4.585000000000000742e-01
4.190000000000000000e+02,1.000000000000000000e+00,4.585000000000000742e-01
4.200000000000000000e+02,1.000000000000000000e+00,4.585000000000000742e-01
4.210000000000000000e+02,1.000000000000000000e+00,4.657499999999998863e-01
4.220000000000000000e+02,1.000000000000000000e+00,4.664999999999999147e-01
4.230000000000000000e+02,1.000000000000000000e+00,4.664999999999999147e-01
4.240000000000000000e+02,1.000000000000000000e+00,4.672499999999999432e-01
4.250000000000000000e+02,1.000000000000000000e+00,4.664999999999999147e-01
4.260000000000000000e+02,1.000000000000000000e+00,4.664999999999999147e-01
4.270000000000000000e+02,1.000000000000000000e+00,4.664999999999999147e-01
4.280000000000000000e+02,1.000000000000000000e+00,4.664999999999999147e-01
4.290000000000000000e+02,1.000000000000000000e+00,4.640000000000000790e-01
4.300000000000000000e+02,1.000000000000000000e+00,4.657499999999998863e-01
4.310000000000000000e+02,1.000000000000000000e+00,4.632500000000000506e-01
4.320000000000000000e+02,1.000000000000000000e+00,4.607500000000001594e-01
4.330000000000000000e+02,1.000000000000000000e+00,4.607500000000001594e-01
4.340000000000000000e+02,1.000000000000000000e+00,4.592500000000001026e-01
4.350000000000000000e+02,1.000000000000000000e+00,4.585000000000000742e-01
4.360000000000000000e+02,1.000000000000000000e+00,4.585000000000000742e-01
4.370000000000000000e+02,1.000000000000000000e+00,4.592500000000001026e-01
4.380000000000000000e+02,1.000000000000000000e+00,4.592500000000001026e-01
4.390000000000000000e+02,1.000000000000000000e+00,4.585000000000000742e-01
4.400000000000000000e+02,1.000000000000000000e+00,4.585000000000000742e-01
4.410000000000000000e+02,1.000000000000000000e+00,4.585000000000000742e-01
4.420000000000000000e+02,1.000000000000000000e+00,4.585000000000000742e-01
4.430000000000000000e+02,1.000000000000000000e+00,4.585000000000000742e-01
4.440000000000000000e+02,1.000000000000000000e+00,4.592500000000001026e-01
4.450000000000000000e+02,1.000000000000000000e+00,4.592500000000001026e-01
4.460000000000000000e+02,1.000000000000000000e+00,4.607500000000001594e-01
4.470000000000000000e+02,1.000000000000000000e+00,4.664999999999999147e-01
4.480000000000000000e+02,1.000000000000000000e+00,4.672499999999999432e-01
4.490000000000000000e+02,1.000000000000000000e+00,4.664999999999999147e-01
4.500000000000000000e+02,1.000000000000000000e+00,4.664999999999999147e-01
4.510000000000000000e+02,1.000000000000000000e+00,4.632500000000000506e-01
4.520000000000000000e+02,1.000000000000000000e+00,4.600000000000001310e-01
4.530000000000000000e+02,1.000000000000000000e+00,4.585000000000000742e-01
4.540000000000000000e+02,1.000000000000000000e+00,4.585000000000000742e-01
4.550000000000000000e+02,1.000000000000000000e+00,4.585000000000000742e-01
4.560000000000000000e+02,1.000000000000000000e+00,4.585000000000000742e-01
4.570000000000000000e+02,1.000000000000000000e+00,4.585000000000000742e-01
4.580000000000000000e+02,1.000000000000000000e+00,4.585000000000000742e-01
4.590000000000000000e+02,1.000000000000000000e+00,4.585000000000000742e-01
4.600000000000000000e+02,1.000000000000000000e+00,4.585000000000000742e-01
4.610000000000000000e+02,1.000000000000000000e+00,4.574999999999999067e-01
4.620000000000000000e+02,1.000000000000000000e+00,4.502500000000001501e-01
4.630000000000000000e+02,1.000000000000000000e+00,4.502500000000001501e-01
4.640000000000000000e+02,1.000000000000000000e+00,4.462500000000002021e-01
4.650000000000000000e+02,1.000000000000000000e+00,4.447500000000001452e-01
4.660000000000000000e+02,1.000000000000000000e+00,4.422499999999999210e-01
4.670000000000000000e+02,1.000000000000000000e+00,4.422499999999999210e-01
4.680000000000000000e+02,1.000000000000000000e+00,4.357500000000001927e-01
4.690000000000000000e+02,1.000000000000000000e+00,4.342500000000001359e-01
4.700000000000000000e+02,1.000000000000000000e+00,4.342500000000001359e-01
4.710000000000000000e+02,1.000000000000000000e+00,4.269999999999999352e-01
4.720000000000000000e+02,1.000000000000000000e+00,4.262499999999999067e-01
4.730000000000000000e+02,1.000000000000000000e+00,4.262499999999999067e-01
4.740000000000000000e+02,1.000000000000000000e+00,4.262499999999999067e-01
4.750000000000000000e+02,1.000000000000000000e+00,4.262499999999999067e-01
4.760000000000000000e+02,1.000000000000000000e+00,4.252500000000001279e-01
4.770000000000000000e+02,1.000000000000000000e+00,4.179999999999999827e-01
4.780000000000000000e+02,1.000000000000000000e+00,4.172499999999999543e-01
4.790000000000000000e+02,1.000000000000000000e+00,4.230000000000000426e-01
